gi_48994873_gb_U00096.2__Escherichia_coli_str._K-12_substr._MG1655__complete_genome
19850 20510
223519 223863
224772 227493
228689 228951
269817 270931
273233 273795
278440 279282
289911 290573
339155 339339
348955 349095
356754 357114
374390 374589
390986 392142
566048 567204
573863 574959
577543 577665
579586 579737
580320 580531
607284 608520
687123 688220
695653 695764
728595 729881
730750 732422
733425 734269
736273 737865
914321 914511
925064 925147
1049105 1049718
1093521 1094672
1096419 1096744
1268890 1269713
1394117 1395213
1421417 1421539
1426074 1426240
1464750 1465043
1465987 1467319
1468414 1468486
1526262 1527144
1529969 1530614
1568748 1569772
1630849 1632992
1633917 1634128
1634711 1634862
1648921 1649519
1706733 1706782
1976580 1977241
2064234 2065269
2067018 2068243
2099824 2100918
2168247 2169398
2286992 2288081
2302513 2303033
2512349 2513586
2519275 2519488
2566222 2566275
2660515 2660605
2724138 2725484
2727227 2727623
2728142 2729340
2945598 2945707
2994435 2995662
3128217 3129314
3184171 3185395
3267958 3268110
3363628 3364723
3390092 3390183
3421738 3426962
3581504 3582168
3619159 3619908
3620685 3620831
3622343 3623446
3650107 3651205
3706382 3706549
3760344 3763621
3765266 3765374
3939519 3944918
4025534 4025632
4033242 4038576
4092415 4092651
4151594 4151716
4164376 4169730
4174156 4175078
4205920 4211135
4293912 4294367
4324112 4324411
4390437 4390629
4496258 4497481
4505535 4506650
